600018902293
600039015048
600039665619
600062084650
600098941368
600110937794
600114922498
600210241146
600294620965
600460215379
600635899969
600643741457
600647003585
600689706588
600700496428
600730262874
600883641613
601018466813
601075042526
601078429870
601160982029
601256710373
601271440369
601455018886
601458344339
601667746830
601735116940
601775369674
601894841939
601924966183
601983541597
602057474591
602080382723
602083076551
602135079524
602138082775
602204357643
602302884302
602362616127
602400242232
602408461539
602461667893
602526074741
602641819780
602659082995
602750793234
602900993107
602976961010
603077674349
603164179264
603192992915
603346988007
603402094159
603417040195
603424656945
603441403158
603442027507
603572225730
603607302022
603672020440
603721718146
603795895689
603796164049
603796183791
603803055915
603822512211
603855355258
603873354752
603921803244
604008355365
604082301131
604143813599
604193816799
604420388312
604446603420
604465259468
604630931488
604636396900
604717714550
604718130562
604742926945
604884227656
604908576947
605090380179
605292346921
605424980480
605452940766
605603350775
605622668246
605674075165
605750532692
605884378448
605967797732
605973978786
606034411971
606059405094
606066555475
606105208069
606111772772
606244059934
606309267666
606456586213
606764748661
606837776232
606854081510
606894204885
606939668352
606997359725
607086644014
607211409849
607218468837
607242854479
607334328084
607419943780
607452914122
607480169355
607540053455
607567223985
607602498818
607625309041
607640546528
607717904472
607797973921
607825602272
607931807307
607986524411
607993689677
608027332847
608078910354
608212130185
608228806427
608342566049
608346070386
608348426877
608414632504
608532797572
608576955658
608598381123
608886281846
608982383416
609143916322
609193612518
609216209313
609285633052
609383534643
609541974512
609559193886
609575311394
609596578924
609652761759
609706993828
609714765360
609742068023
609987705265