600009963128
600018902293
600020927179
600031697545
600038720566
600039015048
600039665619
600045443700
600052596653
600053476714
600054124128
600059829137
600061763148
600062084650
600084088680
600085654611
600098941368
600109657100
600110501017
600110937794
600114922498
600116672720
600129552715
600135180939
600137870077
600138617917
600173623767
600185621034
600209790043
600209995267
600210241146
600210683444
600259084705
600262185931
600263649795
600282088524
600294591042
600294620965
600307190856
600325379088
600333703574
600367706279
600377610905
600405811873
600407610316
600409285352
600431843434
600444687107
600453080018
600460215379
600484292483
600501204197
600515650925
600547831711
600557347302
600561317124
600577523719
600587013053
600589908147
600607081380
600635899969
600641554524
600643741457
600645947292
600647003585
600681250400
600682103788
600689706588
600695109212
600696101074
600700496428
600710344290
600730262874
600736853993
600745453476
600747749665
600748335231
600768316020
600778703691
600789411238
600790653076
600821900299
600825029647
600857437078
600879588780
600883641613
600891097451
600896033967
600899090853
600906186220
600919368841
600922891543
600928302123
600934799349
600950857962
600980203881
600994234394
601004917174
601008078297
601018466813
601022070840
601022643472
601029120165
601031322506
601031667414
601035762416
601039605738
601050679821
601053208894
601062830722
601064014005
601075042526
601078429870
601091916731
601097899414
601098855033
601102119981
601103590451
601110916219
601121451354
601127197796
601134402283
601134535512
601141983954
601146803700
601150704931
601155992510
601158669657
601160982029
601163770229
601167369441
601181364386
601194539197
601197188395
601249791321
601256710373
601269418769
601271440369
601272152476
601284681957
601291911918
601298511111
601330716220
601378330762
601411363678
601416987363
601421183501
601421468675
601439795742
601445845956
601455018886
601458344339
601470180262
601471407823
601497448396
601529441877
601534588573
601545998479
601552895706
601567491412
601576804608
601590763228
601603785278
601606500084
601611488790
601611750148
601615556011
601635995009
601637266717
601638390697
601667746830
601699914475
601726950902
601729431337
601735116940
601746465923
601775369674
601803799579
601817352373
601834725907
601878054296
601894841939
601894993907
601901789163
601901875085
601908723260
601924966183
601927445850
601927448642
601933347700
601953554335
601963891187
601983541597
601997922853
602057474591
602059925976
602076199855
602080382723
602083076551
602107305684
602111131774
602135079524
602138082775
602166204240
602177587881
602185631026
602186888449
602204357643
602212580821
602214876744
602216012354
602228305159
602231259423
602233518617
602238205398
602260470547
602271828805
602283748645
602290462072
602291275795
602291341460
602295549250
602302884302
602320995621
602324913001
602362616127
602363439401
602366188397
602371211245
602371962999
602381745833
602392103327
602400242232
602408461539
602422647648
602428968376
602461667893
602500458956
602503948108
602525371361
602526074741
602526087473
602526817384
602558202933
602569768815
602628202622
602632273876
602641819780
602650722871
602653931131
602659082995
602684211903
602690367326
602723928518
602731418760
602736411654
602750793234
602756127458
602771485910
602784676967
602808275174
602818432787
602830931072
602832611777
602863038418
602871298322
602885763650
602893715810
602897753228
602898753625
602900241406
602900993107
602912246666
602922318617
602934228085
602975218789
602976961010
603000816791
603010174139
603012527295
603017867359
603020007940
603029229426
603044781170
603056110671
603061555716
603077674349
603083392145
603094219513
603099891351
603109880577
603135522412
603147935435
603155642406
603164179264
603192992915
603202943256
603213455413
603217049035
603245669207
603249496502
603260573695
603260783630
603270246143
603275217000
603279373656
603289607521
603292243397
603295853736
603298492660
603317055381
603346988007
603348595501
603350320565
603355101121
603362886729
603374132603
603374538563
603380713844
603383466441
603390032085
603402094159
603403163265
603403720550
603417040195
603424656945
603424933317
603437944388
603441403158
603442027507
603443708714
603470461228
603496692882
603509947448
603519353680
603523500559
603525110511
603529228450
603533144459
603544880835
603546443678
603564893161
603572225730
603582836872
603588285080
603590419099
603607302022
603628338492
603629877657
603634500565
603657238145
603660816657
603672020440
603695214228
603712106282
603718677924
603721718146
603740723858
603747659459
603770112145
603774065530
603780080052
603780408072
603780514184
603783356574
603790679013
603791738091
603795895689
603796164049
603796183791
603803055915
603822512211
603854632982
603855355258
603873354752
603876349020
603877925785
603889816024
603921803244
603922696979
603930269891
603959643143
603959672926
603969800842
603998184387
604005673003
604006992558
604008355365
604025015844
604035259246
604058432033
604063558268
604082301131
604092821853
604134560498
604143813599
604151585185
604168012939
604170546315
604177671628
604184193596
604190435209
604191345908
604193816799
604205504482
604210629219
604214617447
604223213392
604233579867
604233702947
604238837702
604267192536
604270707793
604294191237
604296547639
604301660892
604346279920
604364258221
604364707269
604371820063
604378086470
604385435194
604390537221
604399157561
604413981131
604420388312
604446603420
604465259468
604465934786
604473175469
604483095823
604488200536
604495707329
604499247593
604509988571
604517932969
604527984573
604530605174
604533322765
604537205278
604545149983
604560238992
604572887538
604572945839
604592029504
604608523538
604619459663
604627970209
604630931488
604636396900
604645558238
604701576457
604701862311
604709588404
604713776906
604716869016
604717714550
604718130562
604740287921
604742926945
604749202816
604750579456
604770410022
604770953198
604787775991
604788495754
604794406767
604798004623
604827777386
604836600596
604847970437
604849953034
604853384855
604876268454
604884227656
604884858379
604885183762
604899150101
604908576947
604911918083
604921668926
604955784156
604968175212
604971935425
604978657307
604980665526
604982900250
605015490215
605031304347
605034869897
605035383664
605039608094
605047027135
605062817549
605083509935
605089033284
605090208362
605090380179
605098054895
605113549325
605122387192
605140097010
605142512708
605143343703
605153438249
605177834950
605189074977
605192310177
605204773320
605235766122
605239479185
605255198399
605264771848
605266281282
605273647528
605292346921
605296632565
605300352682
605316848243
605320441030
605355162443
605381917494
605383161754
605383768750
605388654817
605403737627
605424980480
605452940766
605481196229
605485715456
605496623903
605499686025
605507603783
605512842212
605515760919
605519521660
605523829405
605529383985
605553430285
605555383600
605556510393
605573655820
605574617286
605576036909
605587002780
605594915350
605603350775
605609873649
605622311152
605622668246
605632021283
605636405730
605649737049
605650707727
605674075165
605676549667
605690210359
605711237327
605735855055
605740200138
605750532692
605757617619
605763328890
605771553837
605782140338
605792122916
605818012946
605825174535
605828510168
605832800275
605838533650
605845161503
605846363391
605861453991
605884378448
605928863098
605938140322
605940403748
605957594101
605961850123
605967797732
605971292161
605973978786
605987192545
605992095801
605998048642
606005765903
606024507405
606031229906
606034411971
606039672874
606059405094
606066555475
606092387172
606105208069
606109358844
606111772772
606114036689
606118165171
606125060062
606132741157
606148472058
606150005854
606150118937
606179216082
606183562348
606184625556
606209597848
606211478161
606213296175
606241658860
606244059934
606256451548
606263238271
606266328454
606266908920
606271072922
606282991680
606304691757
606309267666
606318626472
606335721292
606344359549
606349194937
606353631712
606364461627
606381582742
606387347625
606395507970
606401256970
606407464036
606410536481
606437751483
606440194406
606441281285
606456586213
606467417355
606467448294
606488719838
606491811363
606496506853
606531042603
606538466283
606543149287
606549819332
606577738727
606584932199
606603924903
606626915209
606637614373
606671561865
606673058004
606679086556
606688736331
606704476799
606704561367
606705667955
606709384937
606720913120
606728935791
606729516372
606730080838
606734396733
606764748661
606765604469
606776614796
606786499565
606790572802
606807944303
606811412362
606837776232
606852399741
606854081510
606855157085
606855754171
606860220952
606860716104
606894204885
606899412136
606900164373
606917773803
606929231675
606939668352
606949813967
606966884890
606971603334
606991352508
606993390877
606994381117
606997127173
606997359725
607024945188
607027753525
607030326315
607038967753
607059286712
607061583100
607071944594
607080829282
607086644014
607124733369
607125657708
607150774901
607159860185
607172722787
607184320790
607211409849
607218468837
607232718666
607242854479
607243619260
607245656080
607261515993
607263095972
607267835785
607267889921
607272093553
607279636292
607282201752
607317091560
607322821508
607333438818
607334328084
607357623108
607358885206
607364815215
607372812157
607377981504
607390242095
607393879404
607401047269
607404991661
607419943780
607427283129
607430593597
607433831702
607452914122
607456079260
607480169355
607487055951
607525859047
607540053455
607543050041
607557788866
607562599455
607567223985
607602498818
607611469574
607612038152
607620452870
607625309041
607640546528
607641578263
607644695352
607648205731
607650747917
607717904472
607724757393
607748133663
607761310574
607770303600
607779857749
607782063366
607786519275
607796874809
607797973921
607825602272
607827010048
607828606875
607841304980
607865041735
607892668061
607902433865
607902697916
607914130481
607917270096
607926201270
607930691268
607931807307
607939373984
607957620863
607973929587
607977885105
607981095451
607981316868
607986524411
607993689677
608007693853
608008202241
608010068615
608016469729
608021973180
608027332847
608041448918
608047847532
608070876071
608078910354
608079237226
608094542842
608099205067
608108953056
608115879657
608120673723
608125003211
608149147993
608149766930
608181964473
608182681525
608189653364
608212130185
608217385808
608226396667
608228806427
608230893508
608247881184
608271624323
608277298234
608280132765
608287555319
608330741897
608342566049
608343760164
608344021973
608346070386
608348426877
608352060431
608353597581
608382697547
608391339152
608394170451
608400672502
608400942539
608414632504
608423459770
608447574285
608472074593
608480460853
608481260214
608481615925
608510667472
608518450149
608521078699
608528837101
608532112811
608532797572
608532891053
608533037752
608534981306
608539736327
608576955658
608589055328
608598381123
608607242164
608618468951
608620097919
608620585035
608623975178
608643362535
608654680296
608662450678
608665596582
608667434020
608670124928
608671169548
608704510310
608705674075
608710926171
608711057185
608720575588
608727242603
608732679913
608737099745
608767128938
608779146920
608780440161
608781020171
608783467254
608788361607
608793830368
608802797552
608803594523
608817343345
608819251392
608828085674
608864338417
608871204367
608886281846
608903682515
608904677685
608915092036
608927439474
608964917962
608970234508
608976196675
608978583167
608982383416
608993118659
608993302629
609025109832
609034579951
609052711724
609054620434
609072841451
609085395979
609085635334
609090344382
609102167912
609108917953
609133792725
609135444969
609136777721
609143916322
609168149490
609170551663
609170741262
609172300542
609173350200
609186779133
609193612518
609216209313
609218338225
609246874737
609252512334
609258037904
609259470422
609262364081
609270820400
609277155664
609285633052
609286715339
609288117408
609289117165
609310392899
609324367330
609343249394
609350004880
609350521028
609361965061
609375018060
609379506099
609383534643
609388552513
609389594026
609417099652
609419245006
609424763772
609446511327
609477878126
609485506588
609498323643
609526339380
609531714436
609541974512
609559193886
609575311394
609590342870
609594361630
609596578924
609619407847
609625377150
609629088732
609635211319
609652761759
609664342210
609679707006
609694503072
609706993828
609709283657
609712666246
609714765360
609727737234
609728145608
609728667591
609742068023
609742584520
609743295342
609748609931
609772873811
609802779962
609812189682
609812419171
609825254934
609849166759
609864333828
609895831167
609903870257
609909041202
609910470154
609912910505
609919910881
609952290400
609953829236
609974923809
609987242768
609987705265
609989574966
609998081561
subject_list.txt
